Alpha,Cd
0.25,0.5
-3.006,0.007977
-2.012,0.008033
-0.998,0.008026
0.0,0.008005
1.004,0.008019
2.008,0.008046
3.012,0.008096
3.514,0.008214
4.011,0.00828
4.011,0.008294
4.513,0.008587
5.02,0.00959
5.522,0.011164
6.023,0.012156
6.525,0.012995
6.525,0.012988
7.027,0.013733
7.534,0.014555
7.534,0.014645
8.03,0.015514
8.532,0.016538
8.532,0.016692
9.034,0.017982
9.536,0.019373
10.037,0.020135
10.539,0.021546
11.04,0.02416
11.536,0.027434
12.041,0.031778
12.537,0.037679
12.537,0.037201
13.042,0.043578
14.041,0.06513
15.034,0.08077
15.537,0.079162
16.018,0.24347
16.011,0.292288
16.506,0.288794
17.006,0.27451
17.516,0.280972
18.016,0.286512
17.511,0.274806
17.011,0.280467
16.511,0.309232
16.011,0.312581
15.512,0.315283
15.012,0.298344
14.522,0.244243
14.028,0.082983
13.531,0.054435
13.042,0.043891
13.042,0.044454
